Data e hora atuais: 2024-01-25 16-31-38


number_of_images_per_class: 500
train_percent: 0.7
validation_percent: 0.15
test_percent: 0.15
img_width: 128
img_height: 128
data_loader: 32
neuronios_saida: 512
criterion: CrossEntropyLoss()
optimizer: RMSprop (
Parameter Group 0
    alpha: 0.99
    centered: False
    differentiable: False
    eps: 1e-08
    foreach: None
    lr: 0.001
    maximize: False
    momentum: 0
    weight_decay: 0
)
epochs: 50
execution_time_resnet18: 2680.4086678028107

accuracy: 0.8533333333333334

conf_matrix: [[55  0  1 19]
 [ 0 69  3  3]
 [ 0  0 70  5]
 [ 1  0 12 62]]

class_report:               precision    recall  f1-score   support

           0       0.98      0.73      0.84        75
           1       1.00      0.92      0.96        75
           2       0.81      0.93      0.87        75
           3       0.70      0.83      0.76        75

    accuracy                           0.85       300
   macro avg       0.87      0.85      0.86       300
weighted avg       0.87      0.85      0.86       300


train_accuracies: [0.28764204545454547, 0.3806818181818182, 0.5627367424242424, 0.6354166666666666, 0.678503787878788, 0.7111742424242424, 0.7194602272727273, 0.7909564393939394, 0.8115530303030304, 0.8349905303030304, 0.8319128787878788, 0.8496685606060606, 0.8643465909090909, 0.8934659090909091, 0.8832859848484849, 0.8655303030303031, 0.8896780303030304, 0.9050662878787878, 0.8946496212121212, 0.8792613636363636, 0.9190340909090909, 0.9178503787878788, 0.934185606060606, 0.9140625, 0.9190340909090909, 0.9308712121212122, 0.9161931818181818, 0.948626893939394, 0.9289772727272727, 0.9415246212121212, 0.9301609848484849, 0.9306344696969696, 0.9438920454545454, 0.9625946969696969, 0.9287405303030304, 0.9595170454545454, 0.9441287878787878, 0.9519412878787878, 0.9386837121212122, 0.96875, 0.9651988636363636, 0.9562026515151515, 0.9500473484848485, 0.9666193181818182, 0.9777462121212122, 0.9595170454545454, 0.96875, 0.9640151515151515, 0.9758522727272727, 0.965435606060606]

val_accuracies: [0.24270833333333336, 0.38229166666666664, 0.30625, 0.6479166666666667, 0.58125, 0.4541666666666667, 0.5572916666666667, 0.728125, 0.5197916666666667, 0.65, 0.5375, 0.7854166666666667, 0.778125, 0.7479166666666667, 0.7177083333333333, 0.8489583333333334, 0.6916666666666667, 0.825, 0.7625, 0.5645833333333333, 0.6333333333333333, 0.8760416666666666, 0.5447916666666667, 0.8614583333333334, 0.828125, 0.828125, 0.909375, 0.940625, 0.8229166666666666, 0.8135416666666666, 0.8947916666666667, 0.4947916666666667, 0.784375, 0.8145833333333334, 0.8677083333333334, 0.9375, 0.890625, 0.38645833333333335, 0.81875, 0.865625, 0.828125, 0.8666666666666666, 0.865625, 0.9604166666666666, 0.728125, 0.9322916666666666, 0.8510416666666666, 0.925, 0.9302083333333334, 0.8364583333333334]

train_losses: [1.6758277226578107, 1.2886769419366664, 1.0138934214006772, 0.8112899633971128, 0.7229188091375611, 0.6608434028246186, 0.6227368854663589, 0.5171961672604084, 0.4739369699223475, 0.4244182067499919, 0.4005339511416175, 0.4123041094704108, 0.34319115260785277, 0.27359846606850624, 0.2853034350343726, 0.3483699131757021, 0.2757515191015872, 0.23809465384957465, 0.25544512475078757, 0.3465801449069245, 0.21477589307522232, 0.21291620182720097, 0.19335738417099824, 0.20824820412830872, 0.21856939284638924, 0.19051005174829203, 0.24194738429717041, 0.1458087366243655, 0.19073686909607865, 0.15303183025257153, 0.16809128656644712, 0.18260466392067345, 0.16078239287757737, 0.10931821298700842, 0.18150702436369928, 0.10722870629450137, 0.13252150703390891, 0.13487602040086957, 0.16394105523994024, 0.08821864181663841, 0.0816029854415154, 0.1222238694529303, 0.13773085759021342, 0.08393031221137127, 0.06914310656826604, 0.12388283452971584, 0.12167138373479247, 0.09862408923006362, 0.0651687626959756, 0.10461930233445442]

val_losses: [2.477557384967804, 1.7135061979293824, 3.593686079978943, 0.8703220129013062, 0.9054169714450836, 1.9509795904159546, 1.0857672452926637, 0.6448959976434707, 1.993613600730896, 0.7457913875579834, 1.7538015484809875, 0.5160296216607094, 0.6575475931167603, 0.8685596972703934, 0.903555166721344, 0.416324058175087, 1.1179467618465424, 0.4655472069978714, 0.6212478697299957, 1.8071583390235901, 1.2180872976779937, 0.28518109396100044, 2.525318455696106, 0.3869702011346817, 0.4803078308701515, 0.4305182293057442, 0.25197708532214164, 0.15382297076284884, 0.47792121171951296, 0.5675459623336792, 0.3417681366205215, 5.721301436424255, 0.6732006907463074, 0.7153504371643067, 0.38636393994092944, 0.19619167253840714, 0.395011643320322, 6.012596535682678, 0.7095050394535065, 0.42350347638130187, 0.47273090183734895, 0.5145963609218598, 0.3644870758056641, 0.10034581683576108, 1.1439947114791722, 0.16397525351494552, 0.43174182027578356, 0.22431366369128228, 0.23491169684566557, 0.6239129349589347]

