Data e hora atuais: 2024-01-25 14-59-17


number_of_images_per_class: 500
train_percent: 0.7
validation_percent: 0.15
test_percent: 0.15
img_width: 64
img_height: 64
data_loader: 32
neuronios_saida: 512
criterion: CrossEntropyLoss()
optimizer: Adam (
Parameter Group 0
    amsgrad: False
    betas: (0.9, 0.999)
    capturable: False
    differentiable: False
    eps: 1e-08
    foreach: None
    fused: None
    lr: 0.001
    maximize: False
    weight_decay: 0
)
epochs: 50
execution_time_resnet18: 735.8891506195068

accuracy: 0.8866666666666667

conf_matrix: [[63  0  1 11]
 [ 0 65 10  0]
 [ 0  0 74  1]
 [10  1  0 64]]

class_report:               precision    recall  f1-score   support

           0       0.86      0.84      0.85        75
           1       0.98      0.87      0.92        75
           2       0.87      0.99      0.93        75
           3       0.84      0.85      0.85        75

    accuracy                           0.89       300
   macro avg       0.89      0.89      0.89       300
weighted avg       0.89      0.89      0.89       300


train_accuracies: [0.324810606060606, 0.48958333333333337, 0.5627367424242424, 0.6763731060606061, 0.6877367424242424, 0.6955492424242424, 0.7739109848484849, 0.7942708333333333, 0.8321496212121212, 0.8371212121212122, 0.8361742424242423, 0.8631628787878788, 0.8804450757575758, 0.8908617424242423, 0.8681344696969696, 0.9223484848484849, 0.9081439393939394, 0.9045928030303031, 0.9258996212121212, 0.9382102272727273, 0.9488636363636364, 0.9375, 0.9507575757575758, 0.9533617424242423, 0.9476799242424242, 0.9356060606060606, 0.96875, 0.9545454545454546, 0.9356060606060606, 0.9481534090909091, 0.9737215909090909, 0.9670928030303031, 0.9678030303030304, 0.9794034090909091, 0.9571496212121212, 0.9616477272727273, 0.9649621212121212, 0.9763257575757577, 0.9794034090909091, 0.9872159090909091, 0.9765625, 0.9827178030303031, 0.9666193181818182, 0.9744318181818182, 0.9640151515151515, 0.9803503787878788, 0.9815340909090909, 0.9834280303030304, 0.9741950757575758, 0.9820075757575758]

val_accuracies: [0.33125, 0.4645833333333333, 0.584375, 0.4458333333333333, 0.5885416666666667, 0.6802083333333333, 0.65625, 0.6875, 0.7385416666666667, 0.75625, 0.696875, 0.7104166666666667, 0.8041666666666666, 0.728125, 0.7541666666666667, 0.7989583333333333, 0.7510416666666667, 0.675, 0.8739583333333334, 0.8614583333333334, 0.88125, 0.83125, 0.85625, 0.865625, 0.8729166666666666, 0.7458333333333333, 0.8270833333333334, 0.8802083333333334, 0.7385416666666667, 0.88125, 0.8916666666666666, 0.8927083333333334, 0.8885416666666666, 0.8979166666666666, 0.875, 0.8260416666666666, 0.8666666666666666, 0.925, 0.8885416666666666, 0.8979166666666666, 0.8895833333333334, 0.86875, 0.875, 0.8677083333333334, 0.721875, 0.803125, 0.9083333333333334, 0.8979166666666666, 0.75, 0.86875]

train_losses: [1.3878411244262348, 1.1290050108324399, 0.933730726892298, 0.742471228946339, 0.729281714016741, 0.6536987525495616, 0.5089555809443648, 0.49210848049684003, 0.4188281419602307, 0.3996665152636441, 0.3983059630475261, 0.344540846618739, 0.3208852180025794, 0.26700509762899444, 0.3528101525523446, 0.22088136253031818, 0.22637507327916948, 0.2630290249362588, 0.21321989765221422, 0.16948591418225656, 0.13779219489713962, 0.17497659059749407, 0.14192849194461649, 0.12353081323883751, 0.12711654432033273, 0.16999796574765985, 0.09651253186166286, 0.11425950094549493, 0.18828074976971204, 0.1479048510928723, 0.06493461684493179, 0.09217287765138528, 0.08064719620795752, 0.06109428075565533, 0.10783537528054281, 0.1158357603496618, 0.0942751611794599, 0.08992304201026192, 0.04800978685009547, 0.03352613057623702, 0.07443344175540419, 0.05213060896759006, 0.10370266097280281, 0.07735053810756654, 0.08820994678270919, 0.06036024775080891, 0.05133126962887631, 0.04361939208518544, 0.07175324843476781, 0.05230710776628588]

val_losses: [1.4557442665100098, 1.7279869079589845, 0.9840025901794434, 1.511194610595703, 0.851196014881134, 0.7513444811105728, 0.7884905189275742, 0.9354168862104416, 0.5448945105075836, 0.5849935472011566, 0.9090160846710205, 0.6703951984643937, 0.5030151396989823, 0.6398411184549332, 0.6451846361160278, 0.6049668371677399, 0.6459756478667259, 1.441646981239319, 0.3811839446425438, 0.3185294568538666, 0.4263318441808224, 0.3947893179953098, 0.4396494567394257, 0.38912653401494024, 0.28505479693412783, 1.1694307625293732, 0.6268967837095261, 0.3278046205639839, 1.0454704612493515, 0.46308619640767573, 0.2975178562104702, 0.3297031715512276, 0.28628229796886445, 0.36068971306085584, 0.36989348381757736, 0.6504142165184021, 0.38039176166057587, 0.23598902188241483, 0.41661053746938703, 0.4103421173989773, 0.3286097913980484, 0.393166745826602, 0.4187331981956959, 0.4093431867659092, 0.9004326701164246, 0.6366343528032303, 0.24475875571370126, 0.3217660516500473, 1.3108318090438842, 0.4328828507103026]

