Data e hora atuais: 2024-01-25 17-27-28


number_of_images_per_class: 500
train_percent: 0.7
validation_percent: 0.15
test_percent: 0.15
img_width: 64
img_height: 64
data_loader: 32
neuronios_saida: 512
criterion: CrossEntropyLoss()
optimizer: RMSprop (
Parameter Group 0
    alpha: 0.99
    centered: False
    differentiable: False
    eps: 1e-08
    foreach: None
    lr: 0.001
    maximize: False
    momentum: 0
    weight_decay: 0
)
epochs: 50
execution_time_resnet18: 765.6207196712494

accuracy: 0.9166666666666666

conf_matrix: [[69  0  0  6]
 [ 0 66  7  2]
 [ 0  0 75  0]
 [10  0  0 65]]

class_report:               precision    recall  f1-score   support

           0       0.87      0.92      0.90        75
           1       1.00      0.88      0.94        75
           2       0.91      1.00      0.96        75
           3       0.89      0.87      0.88        75

    accuracy                           0.92       300
   macro avg       0.92      0.92      0.92       300
weighted avg       0.92      0.92      0.92       300


train_accuracies: [0.285748106060606, 0.35961174242424243, 0.46875, 0.5710227272727273, 0.607717803030303, 0.646780303030303, 0.6998106060606061, 0.7320075757575758, 0.7471590909090909, 0.7604166666666667, 0.7509469696969696, 0.7973484848484849, 0.7859848484848485, 0.8084753787878788, 0.8115530303030304, 0.8399621212121212, 0.8399621212121212, 0.8567708333333333, 0.8416193181818182, 0.8849431818181818, 0.8747632575757577, 0.8870738636363636, 0.8948863636363636, 0.890625, 0.9112215909090909, 0.9344223484848485, 0.925189393939394, 0.9211647727272727, 0.9195075757575758, 0.9448390151515151, 0.9483901515151515, 0.9562026515151515, 0.9446022727272727, 0.9443655303030304, 0.9628314393939394, 0.9649621212121212, 0.9670928030303031, 0.957623106060606, 0.9578598484848485, 0.9595170454545454, 0.9723011363636364, 0.9692234848484849, 0.9673295454545454, 0.9775094696969696, 0.96875, 0.9706439393939394, 0.9808238636363636, 0.9730113636363636, 0.9758522727272727, 0.9552556818181818]

val_accuracies: [0.35625, 0.33645833333333336, 0.571875, 0.5677083333333333, 0.6052083333333333, 0.6583333333333333, 0.6989583333333333, 0.6479166666666667, 0.734375, 0.39583333333333337, 0.7, 0.659375, 0.665625, 0.7791666666666667, 0.7572916666666667, 0.8291666666666666, 0.8072916666666666, 0.7895833333333333, 0.84375, 0.7677083333333333, 0.484375, 0.8572916666666666, 0.85625, 0.8572916666666666, 0.8604166666666666, 0.8854166666666666, 0.8447916666666666, 0.8354166666666666, 0.8947916666666667, 0.80625, 0.8541666666666666, 0.8697916666666666, 0.78125, 0.8375, 0.8114583333333334, 0.8822916666666666, 0.8427083333333334, 0.8708333333333333, 0.8489583333333334, 0.91875, 0.8645833333333334, 0.8979166666666666, 0.93125, 0.8604166666666666, 0.9104166666666667, 0.8822916666666666, 0.8854166666666666, 0.9395833333333334, 0.8875, 0.9010416666666666]

train_losses: [1.7869017178362065, 1.3254097131165592, 1.1259965923699466, 0.9677274823188782, 0.8903003402731635, 0.7724865647879514, 0.6762548373504118, 0.6096486266363751, 0.5700248730453578, 0.5734515406868674, 0.5883134562860836, 0.4746181240135973, 0.4584453302350911, 0.44263048842549324, 0.4377590482207862, 0.382165040820837, 0.38141703605651855, 0.3231749947775494, 0.38359602269801224, 0.2894785460084677, 0.3216892614622008, 0.2797925265675241, 0.25866206870837644, 0.2872875177047469, 0.24254437959329647, 0.17268412399359725, 0.17890711382708765, 0.222119334153831, 0.20452327408235182, 0.15272099490870128, 0.15224676841700618, 0.13225392751734366, 0.15792294100604273, 0.1709172617517073, 0.1201154905879362, 0.09877514240162616, 0.09483563531698151, 0.11242003141987053, 0.12784125147895378, 0.15312050257555462, 0.08327959346669642, 0.08394233205101707, 0.09117640651212158, 0.05960852821590379, 0.08914650753352114, 0.08126153545030816, 0.06100264090028676, 0.07758438120469112, 0.07216809792920355, 0.11342182889877056]

val_losses: [1.415315842628479, 1.2623347759246826, 0.9376708090305328, 1.207241451740265, 0.8439243972301483, 0.7169709354639053, 0.6425036609172821, 0.8612778902053833, 0.5609904751181602, 2.1339277565479278, 0.7063751935958862, 0.8071998357772827, 0.8826220631599426, 0.5203482523560524, 0.5809000268578529, 0.44145452678203584, 0.41507892608642577, 0.4294710248708725, 0.3348788723349571, 0.6157045394182206, 2.138624894618988, 0.35674655735492705, 0.33806968927383424, 0.394679868221283, 0.32771795690059663, 0.2829342409968376, 0.4608531564474106, 0.35671453848481177, 0.22939258217811584, 0.5428976878523827, 0.4211276173591614, 0.33042594939470293, 0.8981542699038982, 0.40889243930578234, 0.7033073842525482, 0.3675480857491493, 0.6153369978070259, 0.3162133499979973, 0.399440835416317, 0.21295493168290705, 0.6106336712837219, 0.2659099392592907, 0.2043877374380827, 0.6666675716638565, 0.2951703269034624, 0.30078437030315397, 0.4812440097332001, 0.1659339664503932, 0.42185235396027565, 0.25992160141468046]

