Data e hora atuais: 2024-01-25 16-07-24


number_of_images_per_class: 500
train_percent: 0.7
validation_percent: 0.15
test_percent: 0.15
img_width: 64
img_height: 64
data_loader: 32
neuronios_saida: 512
criterion: CrossEntropyLoss()
optimizer: RMSprop (
Parameter Group 0
    alpha: 0.99
    centered: False
    differentiable: False
    eps: 1e-08
    foreach: None
    lr: 0.001
    maximize: False
    momentum: 0
    weight_decay: 0
)
epochs: 50
execution_time_resnet18: 691.5902070999146

accuracy: 0.93

conf_matrix: [[61  0  1 13]
 [ 0 75  0  0]
 [ 0  0 75  0]
 [ 7  0  0 68]]

class_report:               precision    recall  f1-score   support

           0       0.90      0.81      0.85        75
           1       1.00      1.00      1.00        75
           2       0.99      1.00      0.99        75
           3       0.84      0.91      0.87        75

    accuracy                           0.93       300
   macro avg       0.93      0.93      0.93       300
weighted avg       0.93      0.93      0.93       300


train_accuracies: [0.29663825757575757, 0.3984375, 0.4498106060606061, 0.5063920454545454, 0.5580018939393939, 0.5918560606060607, 0.6451231060606061, 0.6882102272727273, 0.7107007575757576, 0.71875, 0.7383996212121212, 0.7784090909090909, 0.7999526515151515, 0.7954545454545454, 0.823626893939394, 0.8446969696969696, 0.8212594696969696, 0.8709753787878788, 0.8766571969696969, 0.8619791666666667, 0.9043560606060606, 0.9088541666666667, 0.9074337121212122, 0.8929924242424242, 0.9197443181818182, 0.9064867424242423, 0.9214015151515151, 0.9258996212121212, 0.9505208333333333, 0.9171401515151515, 0.9573863636363636, 0.9308712121212122, 0.9495738636363636, 0.9462594696969696, 0.9604640151515151, 0.9467329545454546, 0.9528882575757577, 0.9661458333333333, 0.9614109848484849, 0.9557291666666667, 0.9526515151515151, 0.9763257575757577, 0.9637784090909091, 0.9659090909090909, 0.9481534090909091, 0.9784564393939394, 0.9801136363636364, 0.972064393939394, 0.9571496212121212, 0.9651988636363636]

val_accuracies: [0.25520833333333337, 0.4416666666666667, 0.44375, 0.4270833333333333, 0.4708333333333333, 0.5427083333333333, 0.5135416666666667, 0.6427083333333333, 0.6989583333333333, 0.6666666666666667, 0.6208333333333333, 0.58125, 0.7489583333333333, 0.6979166666666667, 0.7666666666666667, 0.5197916666666667, 0.7760416666666667, 0.6958333333333333, 0.7604166666666667, 0.828125, 0.7322916666666667, 0.8291666666666666, 0.7291666666666667, 0.7385416666666667, 0.7895833333333333, 0.8052083333333334, 0.7895833333333333, 0.875, 0.7708333333333333, 0.80625, 0.8739583333333334, 0.721875, 0.6614583333333333, 0.85, 0.865625, 0.8229166666666666, 0.7947916666666667, 0.834375, 0.8, 0.86875, 0.8677083333333334, 0.8520833333333334, 0.83125, 0.7885416666666667, 0.8791666666666667, 0.8364583333333334, 0.8802083333333334, 0.7958333333333333, 0.8239583333333333, 0.9010416666666666]

train_losses: [1.724643655798652, 1.282563179731369, 1.1332315761934628, 1.042316738854755, 0.9652869051153009, 0.8492781953378157, 0.7556912607767365, 0.6759829108010639, 0.6087374104694887, 0.6192621818997643, 0.5994125550443475, 0.4946741969747977, 0.4541918648914857, 0.4477371454916217, 0.4311175082217563, 0.3698779781433669, 0.4593116231262684, 0.3064683579247106, 0.30487957021052187, 0.37096170437606896, 0.24201183224266226, 0.25610935958949005, 0.21393381177701734, 0.30586972002956, 0.21161686438559132, 0.23840742837637663, 0.23811299540102482, 0.1829574267295274, 0.14786989563568073, 0.22888202922926706, 0.13060888394036077, 0.19207655058496378, 0.1405359972268343, 0.16816275077871978, 0.10851454129442573, 0.1340892286547883, 0.1325177816166119, 0.09263400598005815, 0.10530958831606602, 0.11926563737638803, 0.12520968342538585, 0.06959231931250542, 0.10642498553286052, 0.0939528423848308, 0.17047556893984703, 0.0631785361752422, 0.06479875598134557, 0.08290802146604453, 0.14259517144686965, 0.11305492095098915]

val_losses: [5.94110689163208, 1.1398451805114747, 1.1191738903522492, 1.8819295644760132, 1.2328246653079986, 1.3703778862953186, 1.0763217747211455, 0.7269622713327408, 0.6495279133319855, 0.7218052923679352, 0.8911928772926331, 1.172342026233673, 0.5635331302881241, 0.6669672518968582, 0.5651717871427536, 2.553060162067413, 0.4976664692163467, 0.819630017876625, 0.5716323912143707, 0.3775647163391113, 0.7672717928886413, 0.3952618420124054, 0.8825202763080597, 0.5737771689891815, 0.4657785311341286, 0.4677008405327797, 0.5045087337493896, 0.4110092926770449, 0.6696067959070205, 0.453532151132822, 0.4035471364855766, 0.7247068822383881, 1.3530262231826782, 0.3364334002137184, 0.3570662349462509, 0.5293131992220879, 0.6547680050134659, 0.6344684712588787, 0.6821291305124759, 0.374485295265913, 0.46132560819387436, 0.4322262957692146, 0.6743962332606316, 1.0288270592689515, 0.34467953741550444, 0.3548568919301033, 0.323102630674839, 0.6596474677324295, 0.47282194793224336, 0.3278638459742069]

