Data e hora atuais: 2024-01-25 15-21-40


number_of_images_per_class: 500
train_percent: 0.7
validation_percent: 0.15
test_percent: 0.15
img_width: 32
img_height: 32
data_loader: 32
neuronios_saida: 512
criterion: CrossEntropyLoss()
optimizer: Adam (
Parameter Group 0
    amsgrad: False
    betas: (0.9, 0.999)
    capturable: False
    differentiable: False
    eps: 1e-08
    foreach: None
    fused: None
    lr: 0.001
    maximize: False
    weight_decay: 0
)
epochs: 50
execution_time_resnet18: 570.0043096542358

accuracy: 0.84

conf_matrix: [[53  1  0 21]
 [ 0 73  1  1]
 [ 1  6 65  3]
 [ 7  6  1 61]]

class_report:               precision    recall  f1-score   support

           0       0.87      0.71      0.78        75
           1       0.85      0.97      0.91        75
           2       0.97      0.87      0.92        75
           3       0.71      0.81      0.76        75

    accuracy                           0.84       300
   macro avg       0.85      0.84      0.84       300
weighted avg       0.85      0.84      0.84       300


train_accuracies: [0.27391098484848486, 0.3241003787878788, 0.3477746212121212, 0.41642992424242425, 0.46496212121212116, 0.5201231060606061, 0.5864109848484849, 0.6380208333333334, 0.6962594696969697, 0.71875, 0.7436079545454546, 0.7414772727272727, 0.7848011363636364, 0.7817234848484849, 0.7869318181818182, 0.8039772727272727, 0.8219696969696969, 0.8321496212121212, 0.8340435606060606, 0.8629261363636364, 0.8558238636363636, 0.8797348484848485, 0.8681344696969696, 0.8821022727272727, 0.8982007575757577, 0.8863636363636364, 0.9098011363636364, 0.8866003787878788, 0.9055397727272727, 0.9053030303030304, 0.9003314393939394, 0.9076704545454546, 0.9346590909090909, 0.9273200757575758, 0.9247159090909091, 0.9472064393939394, 0.9443655303030304, 0.9315814393939394, 0.9292140151515151, 0.9443655303030304, 0.9502840909090909, 0.9131155303030304, 0.9509943181818182, 0.9644886363636364, 0.9611742424242423, 0.9592803030303031, 0.9375, 0.9339488636363636, 0.9694602272727273, 0.9571496212121212]

val_accuracies: [0.30729166666666663, 0.37083333333333335, 0.346875, 0.4041666666666667, 0.4895833333333333, 0.5572916666666667, 0.5572916666666667, 0.546875, 0.6416666666666667, 0.6625, 0.6489583333333333, 0.7364583333333333, 0.6833333333333333, 0.6854166666666667, 0.678125, 0.7645833333333333, 0.66875, 0.815625, 0.71875, 0.7208333333333333, 0.753125, 0.7708333333333333, 0.8052083333333334, 0.7802083333333333, 0.8385416666666666, 0.8052083333333334, 0.7427083333333333, 0.7729166666666667, 0.7572916666666667, 0.7520833333333333, 0.775, 0.7333333333333333, 0.8510416666666666, 0.7614583333333333, 0.8208333333333334, 0.8302083333333334, 0.8822916666666666, 0.7885416666666667, 0.753125, 0.88125, 0.75, 0.809375, 0.8770833333333334, 0.8572916666666666, 0.8625, 0.8041666666666666, 0.8385416666666666, 0.7791666666666667, 0.853125, 0.834375]

train_losses: [1.6700242866169324, 1.3891842636195095, 1.323082078586925, 1.2149664190682499, 1.132444365458055, 1.0593679262833162, 0.9141980341889642, 0.8173887418075041, 0.7051207064227625, 0.6350273130969568, 0.5891645394942977, 0.5964133793657477, 0.5095734636891972, 0.5200720591978594, 0.5006668611683629, 0.4683490957726132, 0.4252364086833867, 0.4031869921494614, 0.39937936988743866, 0.3581463247537613, 0.3620027473027056, 0.3280048185790127, 0.31602340877394786, 0.294988957487724, 0.2659339230846275, 0.28390300036831334, 0.2375669994137504, 0.28193786689503625, 0.26784483529627323, 0.24936140040782365, 0.22997025637464089, 0.2345969991927797, 0.17134500565853986, 0.17699571199376474, 0.20401681620966305, 0.14357453982599758, 0.15068953492763368, 0.1715329199267382, 0.2036620560525493, 0.14634095352481713, 0.14691093703731894, 0.24230765843425284, 0.1382784856568006, 0.0932762152727016, 0.08905167730567469, 0.13724087572402574, 0.16540103012018584, 0.17782461990348317, 0.08988677018152719, 0.13491914120756768]

val_losses: [1.6912174105644227, 1.4010830044746398, 1.4516816973686217, 1.2283722400665282, 1.1867245733737946, 0.9969644188880921, 1.1714190065860748, 0.9131686449050903, 0.7813854902982712, 0.6910730361938476, 0.8837847083806991, 0.5908442914485932, 0.7038869202136994, 0.7366638302803039, 0.9255408644676208, 0.5921994984149933, 1.0072093605995178, 0.4126536950469017, 0.7322174370288849, 0.798397096991539, 0.6710738480091095, 0.4880524158477783, 0.4814678102731705, 0.49122214913368223, 0.44830517619848254, 0.47364528477191925, 0.8050869345664978, 0.6365584969520569, 0.5986656785011292, 0.7974033445119858, 0.5105599284172058, 0.8887294411659241, 0.3706510864198208, 0.7286078274250031, 0.43431889116764066, 0.5119893044233322, 0.39879885464906695, 0.6456677436828613, 0.8954227924346924, 0.39045074582099915, 0.8110026180744171, 0.5437292501330375, 0.35989124327898026, 0.43805600702762604, 0.43592035919427874, 0.7455817997455597, 0.5415496021509171, 0.5793590940535068, 0.5108360769227147, 0.48952908664941785]

