Data e hora atuais: 2024-01-25 16-21-33


number_of_images_per_class: 500
train_percent: 0.7
validation_percent: 0.15
test_percent: 0.15
img_width: 32
img_height: 32
data_loader: 32
neuronios_saida: 512
criterion: CrossEntropyLoss()
optimizer: RMSprop (
Parameter Group 0
    alpha: 0.99
    centered: False
    differentiable: False
    eps: 1e-08
    foreach: None
    lr: 0.001
    maximize: False
    momentum: 0
    weight_decay: 0
)
epochs: 50
execution_time_resnet18: 541.9911594390869

accuracy: 0.8666666666666667

conf_matrix: [[60  2  0 13]
 [ 0 74  0  1]
 [ 0  0 73  2]
 [21  0  1 53]]

class_report:               precision    recall  f1-score   support

           0       0.74      0.80      0.77        75
           1       0.97      0.99      0.98        75
           2       0.99      0.97      0.98        75
           3       0.77      0.71      0.74        75

    accuracy                           0.87       300
   macro avg       0.87      0.87      0.87       300
weighted avg       0.87      0.87      0.87       300


train_accuracies: [0.26207386363636365, 0.2540246212121212, 0.26586174242424243, 0.3006628787878788, 0.3693181818181818, 0.4460227272727273, 0.5087594696969697, 0.5681818181818182, 0.6245265151515151, 0.6363636363636364, 0.6645359848484849, 0.665719696969697, 0.7133049242424243, 0.7265625, 0.7530776515151515, 0.7871685606060606, 0.7776988636363636, 0.7833806818181818, 0.792376893939394, 0.7921401515151515, 0.8155776515151515, 0.8046875, 0.8383049242424242, 0.8226799242424242, 0.8480113636363636, 0.8558238636363636, 0.8629261363636364, 0.8456439393939394, 0.8965435606060606, 0.8792613636363636, 0.8896780303030304, 0.878314393939394, 0.9109848484848485, 0.9081439393939394, 0.9128787878787878, 0.8920454545454546, 0.9254261363636364, 0.9235321969696969, 0.9202178030303031, 0.9315814393939394, 0.9178503787878788, 0.9287405303030304, 0.9405776515151515, 0.9393939393939394, 0.9483901515151515, 0.9294507575757577, 0.9446022727272727, 0.956439393939394, 0.941998106060606, 0.9528882575757577]

val_accuracies: [0.27708333333333335, 0.25, 0.26875, 0.34791666666666665, 0.4614583333333333, 0.5020833333333333, 0.4552083333333333, 0.5510416666666667, 0.5979166666666667, 0.56875, 0.65625, 0.6166666666666667, 0.4083333333333333, 0.73125, 0.621875, 0.6885416666666667, 0.7458333333333333, 0.7333333333333333, 0.7, 0.7135416666666667, 0.771875, 0.778125, 0.4552083333333333, 0.6802083333333333, 0.7791666666666667, 0.7270833333333333, 0.7875, 0.7479166666666667, 0.7697916666666667, 0.8, 0.76875, 0.7729166666666667, 0.828125, 0.7791666666666667, 0.7635416666666667, 0.7854166666666667, 0.8208333333333334, 0.8302083333333334, 0.7625, 0.8677083333333334, 0.7177083333333333, 0.8177083333333334, 0.825, 0.8270833333333334, 0.83125, 0.7177083333333333, 0.8375, 0.6541666666666667, 0.8135416666666666, 0.878125]

train_losses: [1.755297525362535, 1.44466093453494, 1.4467361921613866, 1.409636307846416, 1.2980421971191058, 1.19038578461517, 1.0723516507582231, 0.9926428131081841, 0.9199784601276572, 0.8567788871851835, 0.7704668017950925, 0.7549724822694605, 0.67552204023708, 0.6227806257930669, 0.5974388928575949, 0.5249578146771952, 0.5392015881159089, 0.48713804510506714, 0.49087314307689667, 0.4746153520589525, 0.45642932572148065, 0.45209980654445564, 0.39819700237024913, 0.4116162532432513, 0.35792562941258604, 0.3569176542488011, 0.34362849728627637, 0.3600261973386461, 0.27560856244103477, 0.28990870883519, 0.2778658966787837, 0.309607153927738, 0.21422696765512228, 0.24701610597019846, 0.21736824258484624, 0.2949031394991008, 0.21697335546328264, 0.189535612155768, 0.21371264002201232, 0.18643449822610075, 0.22914582685652105, 0.21540058285675265, 0.15541426828977736, 0.15994370605965907, 0.15102452039718628, 0.1807776985012672, 0.15470559353178198, 0.12733990512788296, 0.15362477747046135, 0.13512412534857338]

val_losses: [1.412651526927948, 1.605973243713379, 1.617974853515625, 1.607260823249817, 1.1883054435253144, 1.1163843870162964, 1.3008813381195068, 1.086998051404953, 0.880297726392746, 1.3088426411151886, 0.7819788753986359, 0.8765209138393402, 2.182211422920227, 0.6074975073337555, 0.94386385679245, 0.7029357820749282, 0.5585366398096084, 0.6162221759557724, 0.7682745695114136, 0.7013714790344239, 0.5431316196918488, 0.5535340815782547, 2.106374979019165, 0.8423119276762009, 0.5316871643066406, 0.5948066800832749, 0.5145107932388783, 0.5850093394517899, 0.5868143260478973, 0.46326921656727793, 0.5606005430221558, 0.5505701720714569, 0.46432081758975985, 0.5204435110092163, 0.7325780004262924, 0.6147387087345123, 0.5429075688123703, 0.4287691548466682, 0.7133515387773514, 0.3444525882601738, 0.7732851088047028, 0.43566336333751676, 0.49851602464914324, 0.45802278965711596, 0.5208480909466744, 0.9571987807750701, 0.5137725234031677, 1.3581230282783507, 0.5973972499370575, 0.40001444779336454]

