Data e hora atuais: 2024-01-25 14-21-57


number_of_images_per_class: 500
train_percent: 0.7
validation_percent: 0.15
test_percent: 0.15
img_width: 128
img_height: 128
data_loader: 32
neuronios_saida: 512
criterion: CrossEntropyLoss()
optimizer: Adam (
Parameter Group 0
    amsgrad: False
    betas: (0.9, 0.999)
    capturable: False
    differentiable: False
    eps: 1e-08
    foreach: None
    fused: None
    lr: 0.001
    maximize: False
    weight_decay: 0
)
epochs: 50
execution_time_resnet18: 1475.0510206222534

accuracy: 0.9233333333333333

conf_matrix: [[63  0  0 12]
 [ 4 70  0  1]
 [ 1  1 71  2]
 [ 2  0  0 73]]

class_report:               precision    recall  f1-score   support

           0       0.90      0.84      0.87        75
           1       0.99      0.93      0.96        75
           2       1.00      0.95      0.97        75
           3       0.83      0.97      0.90        75

    accuracy                           0.92       300
   macro avg       0.93      0.92      0.92       300
weighted avg       0.93      0.92      0.92       300


train_accuracies: [0.47111742424242425, 0.6486742424242424, 0.6875, 0.7990056818181818, 0.8023200757575758, 0.8077651515151515, 0.8506155303030304, 0.8804450757575758, 0.8719223484848485, 0.8778409090909091, 0.8813920454545454, 0.8989109848484849, 0.9161931818181818, 0.901751893939394, 0.9247159090909091, 0.9332386363636364, 0.910748106060606, 0.9315814393939394, 0.9112215909090909, 0.9183238636363636, 0.9415246212121212, 0.9618844696969696, 0.9472064393939394, 0.9538352272727273, 0.9469696969696969, 0.9348958333333333, 0.9450757575757577, 0.9611742424242423, 0.9543087121212122, 0.9557291666666667, 0.9602272727272727, 0.965435606060606, 0.9701704545454546, 0.9737215909090909, 0.9770359848484849, 0.9727746212121212, 0.96875, 0.979876893939394, 0.9744318181818182, 0.9692234848484849, 0.9526515151515151, 0.9744318181818182, 0.9727746212121212, 0.9886363636363636, 0.9815340909090909, 0.9943181818181818, 0.9808238636363636, 0.9827178030303031, 0.9616477272727273, 0.9741950757575758]

val_accuracies: [0.4114583333333333, 0.675, 0.609375, 0.7197916666666667, 0.5947916666666667, 0.6552083333333333, 0.509375, 0.8625, 0.7885416666666667, 0.840625, 0.8135416666666666, 0.7458333333333333, 0.4822916666666667, 0.3260416666666667, 0.7208333333333333, 0.6385416666666667, 0.8208333333333334, 0.896875, 0.678125, 0.6697916666666667, 0.8083333333333333, 0.909375, 0.8697916666666666, 0.9197916666666666, 0.9052083333333334, 0.8458333333333334, 0.65, 0.88125, 0.909375, 0.8708333333333333, 0.9083333333333334, 0.8645833333333334, 0.8916666666666666, 0.9020833333333333, 0.915625, 0.909375, 0.94375, 0.9239583333333334, 0.871875, 0.70625, 0.840625, 0.8708333333333333, 0.940625, 0.9083333333333334, 0.9666666666666666, 0.9447916666666666, 0.8927083333333334, 0.8885416666666666, 0.7552083333333333, 0.9072916666666666]

train_losses: [1.197823555632071, 0.7878176068717783, 0.7025871541012417, 0.4886683432215994, 0.5122823698276823, 0.4629790864207528, 0.3532398068769412, 0.32953898557885125, 0.3124056045304645, 0.30539800836281344, 0.27782588316635654, 0.25921528972685337, 0.23517684045840392, 0.2610392715273933, 0.20347375227985057, 0.1695766533640298, 0.21406193572858517, 0.17469246973368255, 0.23928786924278195, 0.20725238484076478, 0.14055496623570268, 0.11880540090020407, 0.14622477966953407, 0.12656985612755473, 0.12847585281865162, 0.16692678920332005, 0.1450375702909448, 0.09641689709811048, 0.12631248503881085, 0.12192285714925012, 0.10617008276114409, 0.09885747256604108, 0.08198315847072411, 0.07483818237034773, 0.06170691498978571, 0.07941786980849098, 0.07544795216315171, 0.06440305866470392, 0.08198383632539348, 0.08864834654906933, 0.1366911726495759, 0.07733759278992446, 0.06591698246616447, 0.041940247179644015, 0.052449507210192016, 0.023100899849933656, 0.04670864390738478, 0.054510565617502754, 0.10570365048161792, 0.08241034872745248]

val_losses: [4.073014545440674, 0.8672519505023957, 0.8781819581985474, 0.920375046133995, 1.532595008611679, 1.0757780253887177, 2.3315239429473875, 0.33908048570156096, 0.5460767418146133, 0.396740160882473, 0.7028593271970749, 0.7446795910596847, 2.116270112991333, 4.2847531795501705, 0.8462071686983108, 1.8012998819351196, 0.706870949268341, 0.3176627419888973, 1.1385361790657043, 1.4567405164241791, 0.47991939932107924, 0.23930285102687776, 0.502726137638092, 0.20393688902258872, 0.3158319994807243, 0.3702919229865074, 1.039575558900833, 0.38273834995925426, 0.24898184835910797, 0.4217285603284836, 0.2254693005234003, 0.41605531573295595, 0.33889156579971313, 0.2653614580631256, 0.2795737466076389, 0.26419147104024887, 0.12368412595242262, 0.30475993305444715, 0.36492097526788714, 1.7067086756229402, 0.6020329106599093, 0.4709463603794575, 0.15804506978020072, 0.4271111861802638, 0.15053098229691386, 0.24658336201682687, 0.42091715037822724, 0.30785181671380996, 1.1633223295211792, 0.24763424694538116]

